%include pipeline/values.ini

[bias_lens]
b1 = 0.8  1.5   3.0
b2 = 0.8  1.8   3.0
b3 = 0.8  1.8   3.0
b4 = 0.8  1.9    3.0
b5 = 0.8  2.3    3.0
b6 = 0.8  2.3    3.0

[mag_alpha_lens]
; alpha_1 = -4. 1.59073572 4.
; alpha_2 = -4. 1.56887473 4.
; alpha_3 = -4. 2.55004407 4.
; alpha_4 = -4. 2.19809056 4.
; alpha_5 = -4. 2.55400586 4.
; alpha_6 = -4. 2.5630983 4.
alpha_1 = 1.59073572 
alpha_2 = 1.56887473 
alpha_3 = 2.55004407 
alpha_4 = 2.19809056 
alpha_5 = 2.55400586 
alpha_6 = 2.5630983 

[lens_photoz_errors]
; same as redmagic but adding parameter for the extra z bin
bias_1 = -0.05  0.0  0.05
bias_2 = -0.05  0.0  0.05
bias_3 = -0.05  0.0  0.05
bias_4 = -0.05  0.0  0.05
bias_5 = -0.05  0.0  0.05
bias_6 = -0.05  0.0  0.05 


